{
 "cells": [
  {
   "cell_type": "markdown",
   "metadata": {},
   "source": [
    "# numpy\n",
    "\n",
    "Author: Julian Lißner<br>\n",
    "For questions and feedback please write a mail to: lissner@mib.uni-stuttgart.de"
   ]
  },
  {
   "cell_type": "code",
   "execution_count": 1,
   "metadata": {},
   "outputs": [],
   "source": [
    "import numpy as np\n",
    "import sys\n",
    "sys.path.append( 'provided_functions')\n",
    "import result_check as check"
   ]
  },
  {
   "cell_type": "markdown",
   "metadata": {},
   "source": [
    "- numpy is the most used python package, `import numpy as np` is seen in almost every script\n",
    "- numpy introduces arrays to python and additional matrix-related functionalities\n",
    "- numpy arrays behave similar to arrays from different high level languages, e.g. Matlab \n",
    "----\n",
    "__Task:__ Create the specified arrays. `help( np.function)` will be of great assistance."
   ]
  },
  {
   "cell_type": "code",
   "execution_count": 2,
   "metadata": {
    "lines_to_next_cell": 0
   },
   "outputs": [
    {
     "name": "stdout",
     "output_type": "stream",
     "text": [
      "Part correctly solved.\n",
      "[[ 0  1  2  3]\n",
      " [ 4  5  6  7]\n",
      " [ 8  9 10 11]\n",
      " [12 13 14 15]\n",
      " [16 17 18 19]\n",
      " [20 21 22 23]]\n",
      "[0.74102328 0.32849423 0.47014548]\n"
     ]
    }
   ],
   "source": [
    "np.random.seed( 69)  #set a random seed for reproducible results\n",
    "A = np.ones((4,6,3,7))  #a 4 by 6 by 3 by 7 array of all 1\n",
    "B = np.random.randn(3,4) # a random 3 by 4 array\n",
    "C = np.arange( 24).reshape((6,4))   #use the reshape method to cast C into a 6 by 4 array\n",
    "x = np.arange(7) #1d array: [0-6], see help(np.arange) for reference\n",
    "y = np.random.rand( 3)\n",
    "\n",
    "# The result check functions on partial solutions, e.g.\n",
    "#check.compare_arrays( A=A)\n",
    "check.compare_arrays( A=A, B=B, C=C, x=x, y=y)\n",
    "print(C)\n",
    "print(y)"
   ]
  },
  {
   "cell_type": "markdown",
   "metadata": {
    "lines_to_next_cell": 0
   },
   "source": [
    "### Accessing elements\n",
    "\n",
    "- analogue to lists, numpy arrays are sliced with `[start:stop:increment]`\n",
    "- all previously seen slicing rules apply\n",
    "- negative indices are allowed\n",
    "- dimensions are separated by `,` (unlike nested lists) <br>\n",
    "$\\quad$ 2d array (matrix-like): `array[ rows, columns]`\n",
    "- slicing an array can return another array<br>\n",
    "code example:"
   ]
  },
  {
   "cell_type": "code",
   "execution_count": 3,
   "metadata": {},
   "outputs": [
    {
     "name": "stdout",
     "output_type": "stream",
     "text": [
      "[1. 1. 1. 1. 1. 1. 1.]\n",
      "[ 7 11 15]\n",
      "[[13]\n",
      " [17]]\n",
      "[20 21 22 23]\n",
      "[ 0  4  8 12 16 20]\n",
      "[[ 0  2]\n",
      " [12 14]]\n"
     ]
    }
   ],
   "source": [
    "print( A[ 1, 1, 1] ) #single element\n",
    "print( C[ [1,2,3], 3]) # multiple elements in the rows (1d-array)\n",
    "print( C[ [3,4], 1:-1:2]) # return another nd-array\n",
    "print( C[ -1] ) #only specify the first index, take full other indices\n",
    "print( C[..., -4] ) #only specify the last index, take full other indices\n",
    "print(C[0:4:3,0:3:2])"
   ]
  },
  {
   "cell_type": "markdown",
   "metadata": {
    "lines_to_next_cell": 0
   },
   "source": [
    "----\n",
    "__Task:__ Access the specified elements via indexing and slicing."
   ]
  },
  {
   "cell_type": "code",
   "execution_count": 4,
   "metadata": {
    "lines_to_next_cell": 0
   },
   "outputs": [
    {
     "name": "stdout",
     "output_type": "stream",
     "text": [
      "Part correctly solved.\n"
     ]
    }
   ],
   "source": [
    "u = B[2,3] #last row and last column entry\n",
    "g = C[[1,2,4],0] #second, third and fifth row, first column\n",
    "S = C[1:-1,[2,3]] #second to second to last row, last two columns\n",
    "M = C[::3,::2] #every third row, every second column\n",
    "P = A[...,[0,2]] #every element, first and third entry of last index \n",
    "check.compare_arrays( u=u, g=g, S=S, M=M, P=P )\n",
    "#check.compare_arrays( u=u, g=g, S=S, P=P )"
   ]
  },
  {
   "cell_type": "markdown",
   "metadata": {},
   "source": [
    "#### Matrix operations\n",
    "- native python operators (i.e. `+`, `-`, `/`, `*`) __always__ denote element-/pointwise operations\n",
    "- numpy adds an operator for matrix multiplication: `@`<br>\n",
    "$\\quad$ `A @ B == np.matmul( A, B)`\n",
    "- numpy differentiates between 1d-arrays and nd-arrays\n",
    "- 1d-arrays behave vector like and cant be transposed:<br>\n",
    "$\\quad$ `x.T == x`, $\\quad$ `A @ x = b_, _x @ A.T = b`\n",
    "- `np.einsum` is very convenient for higher order contractions, see `help( np.einsum)`\n",
    "- recall that numpy arrays are objects with methods<br>\n",
    "$\\quad$ `np.transpose( A) == A.T` $\\quad\\to$ readability"
   ]
  },
  {
   "cell_type": "markdown",
   "metadata": {},
   "source": [
    "----\n",
    "__Task:__ Implement the following operations. It is important that you name your variables accordingly.\n",
    "\\begin{equation}\n",
    " \\begin{array}{rll}\n",
    " D_{jl} =& A_{ijkl}\\, B_{ki}  &\\quad\\in \\mathbb R^{6\\times7} \\\\\n",
    " E_{ik} =& (C^T)_{ij}\\, D_{jk}\\  &\\quad\\in \\mathbb R^{4\\times7}\\\\\n",
    "f_i =& E_{ij}\\, x_j  &\\quad\\in \\mathbb R^{4} \\\\\n",
    "F_{ik} =& B_{ij} \\, (B^T)_{jk}  &\\quad\\in \\mathbb R^{3\\times 3} \\\\\n",
    "s = &y_i\\, F_{ij} \\, y_j  &\n",
    " \\end{array}\n",
    "\\end{equation}\n",
    "\n",
    "Here the [Einstein notation](https://en.wikipedia.org/wiki/Einstein_notation) is used, it explicitely shows which indices are concatenated, without explicitely writing out the sum operations."
   ]
  },
  {
   "cell_type": "code",
   "execution_count": 23,
   "metadata": {},
   "outputs": [
    {
     "name": "stdout",
     "output_type": "stream",
     "text": [
      "Part correctly solved.\n",
      "E= [[163.81687469 163.81687469 163.81687469 163.81687469 163.81687469\n",
      "  163.81687469 163.81687469]\n",
      " [180.19856216 180.19856216 180.19856216 180.19856216 180.19856216\n",
      "  180.19856216 180.19856216]\n",
      " [196.58024963 196.58024963 196.58024963 196.58024963 196.58024963\n",
      "  196.58024963 196.58024963]\n",
      " [212.9619371  212.9619371  212.9619371  212.9619371  212.9619371\n",
      "  212.9619371  212.9619371 ]]\n",
      "shape E =  (4, 7)\n",
      "F= [[ 2.91502834 -0.93624074  0.41726297]\n",
      " [-0.93624074  5.28002572 -1.91032091]\n",
      " [ 0.41726297 -1.91032091  1.5252726 ]]\n",
      "shape F =  (3, 3)\n"
     ]
    }
   ],
   "source": [
    "D = np.einsum('ijkl,ki->jl', A, B)\n",
    "E = C.T @ D\n",
    "f = E @ x\n",
    "F = B @ B.T\n",
    "s = y @ F @ y\n",
    "# The result check functions on partial solutions, e.g.\n",
    "#check.compare_arrays( D=D)\n",
    "check.compare_arrays( D=D, E=E, f=f, F=F, s=s)\n",
    "print('E=',E)\n",
    "print('shape E = ',np.shape(E))\n",
    "print('F=',F)\n",
    "print('shape F = ',np.shape(F))"
   ]
  },
  {
   "cell_type": "markdown",
   "metadata": {},
   "source": [
    "- numpy also contains functions on matrices\n",
    "- alot of these functions are found in the `np.linalg` sub-package\n",
    "- you could `import numpy.linalg as linalg` to call functions like `linalg.det()`\n",
    "- or only keep the numpy import and call _np.linalg.det()_ the style-choice is yours"
   ]
  },
  {
   "cell_type": "markdown",
   "metadata": {},
   "source": [
    "-----\n",
    "__Task:__ Implement the following operations.\n",
    "\\begin{equation}\n",
    " \\begin{array}{rl}\n",
    " &\\\\[-1mm]\n",
    "m = & \\frac1{N\\cdot M} \\sum\\limits_i^N \\sum\\limits_j^M e_{ij} \\qquad \\text{(mean operator of $\\underline{\\underline E})$} \\\\[2mm]\n",
    "d = & \\max( \\underline{\\underline D})\\\\\n",
    "h = & \\det( \\underline{\\underline F})\\\\\n",
    "\\underline{\\underline L}, \\underline{\\underline V} =& \\text{eig}( \\underline{\\underline F})\\\\\n",
    "\\underline{\\underline U} =&  \\underline{\\underline F}^{-1}\\\\\n",
    "\\underline{\\underline I} =&  \\underline{\\underline U} \\, \\underline{\\underline F} \\\\\n",
    "\\underline{\\underline{ \\hat F}} =& \\underline{\\underline V}\\,\\underline{\\underline L}\\,\\underline{\\underline V}^T\n",
    " \\end{array}\n",
    "\\end{equation}"
   ]
  },
  {
   "cell_type": "markdown",
   "metadata": {},
   "source": [
    "Here symbolic notation is used. Operations are implied by context, e.g. $\\underline{\\underline A} \\, \\underline{\\underline B}$ denotes the matrix multiplication of $\\underline{\\underline A}$ with $\\underline{\\underline B}$\\ "
   ]
  },
  {
   "cell_type": "code",
   "execution_count": 30,
   "metadata": {},
   "outputs": [
    {
     "name": "stdout",
     "output_type": "stream",
     "text": [
      "Part correctly solved.\n",
      "m= 188.38940589380348\n",
      "d= 2.7302812448377307\n",
      "h= 12.074526761616875\n",
      "L= [6.38380492 2.61254013 0.72398162]\n",
      "V= [[ 0.28332643 -0.95895568 -0.01140799]\n",
      " [-0.8839766  -0.26574963  0.38465895]\n",
      " [ 0.37190256  0.09889965  0.92298827]]\n",
      "U= [[ 0.36474743  0.05225183 -0.03433998]\n",
      " [ 0.05225183  0.35381134  0.42883511]\n",
      " [-0.03433998  0.42883511  1.20210739]]\n",
      "I= [[ 1.00000000e+00 -1.38777878e-17  2.08166817e-17]\n",
      " [ 5.55111512e-17  1.00000000e+00  0.00000000e+00]\n",
      " [-1.11022302e-16  4.44089210e-16  1.00000000e+00]]\n",
      "II= [[ 1.00000000e+00  0.00000000e+00  0.00000000e+00]\n",
      " [ 4.16333634e-17  1.00000000e+00  0.00000000e+00]\n",
      " [-6.93889390e-18  1.11022302e-16  1.00000000e+00]]\n",
      "F_hat= [[ 2.91502834 -0.93624074  0.41726297]\n",
      " [-0.93624074  5.28002572 -1.91032091]\n",
      " [ 0.41726297 -1.91032091  1.5252726 ]]\n"
     ]
    }
   ],
   "source": [
    "m = E.mean()\n",
    "d = D.max()\n",
    "h = np.linalg.det(F)\n",
    "L,V = np.linalg.eig(F)\n",
    "U = np.linalg.inv(F)\n",
    "\n",
    "I = U @ F\n",
    "II = F @ U\n",
    "F_hat = V @ np.diag( L) @ V.T\n",
    "\n",
    "# The result check functions on partial solutions, e.g.\n",
    "#check.compare_arrays( L=L)\n",
    "check.compare_arrays( m=m, d=d, h=h, V=V, L=L, U=U)\n",
    "assert np.allclose( I, np.eye( 3)), 'U @ F, expected identity matrix, got something else'\n",
    "assert np.allclose( F, F_hat), 'F and F_hat should be equal, but they are not'\n",
    "\n",
    "print('m=',m)\n",
    "print('d=',d)\n",
    "print('h=',h)\n",
    "print('L=',L)\n",
    "print('V=',V)\n",
    "print('U=',U)\n",
    "print('I=',I)\n",
    "print('II=',II)\n",
    "print('F_hat=',F_hat)"
   ]
  },
  {
   "cell_type": "code",
   "execution_count": null,
   "metadata": {},
   "outputs": [],
   "source": [
    "####################################################################################################################\n",
    "####################################################################################################################\n",
    "####################################################################################################################"
   ]
  },
  {
   "cell_type": "code",
   "execution_count": 6,
   "metadata": {},
   "outputs": [
    {
     "name": "stdout",
     "output_type": "stream",
     "text": [
      "A\n",
      "[[[[1. 1. 1. 1. 1. 1. 1.]\n",
      "   [1. 1. 1. 1. 1. 1. 1.]\n",
      "   [1. 1. 1. 1. 1. 1. 1.]]\n",
      "\n",
      "  [[1. 1. 1. 1. 1. 1. 1.]\n",
      "   [1. 1. 1. 1. 1. 1. 1.]\n",
      "   [1. 1. 1. 1. 1. 1. 1.]]\n",
      "\n",
      "  [[1. 1. 1. 1. 1. 1. 1.]\n",
      "   [1. 1. 1. 1. 1. 1. 1.]\n",
      "   [1. 1. 1. 1. 1. 1. 1.]]\n",
      "\n",
      "  [[1. 1. 1. 1. 1. 1. 1.]\n",
      "   [1. 1. 1. 1. 1. 1. 1.]\n",
      "   [1. 1. 1. 1. 1. 1. 1.]]\n",
      "\n",
      "  [[1. 1. 1. 1. 1. 1. 1.]\n",
      "   [1. 1. 1. 1. 1. 1. 1.]\n",
      "   [1. 1. 1. 1. 1. 1. 1.]]\n",
      "\n",
      "  [[1. 1. 1. 1. 1. 1. 1.]\n",
      "   [1. 1. 1. 1. 1. 1. 1.]\n",
      "   [1. 1. 1. 1. 1. 1. 1.]]]\n",
      "\n",
      "\n",
      " [[[1. 1. 1. 1. 1. 1. 1.]\n",
      "   [1. 1. 1. 1. 1. 1. 1.]\n",
      "   [1. 1. 1. 1. 1. 1. 1.]]\n",
      "\n",
      "  [[1. 1. 1. 1. 1. 1. 1.]\n",
      "   [1. 1. 1. 1. 1. 1. 1.]\n",
      "   [1. 1. 1. 1. 1. 1. 1.]]\n",
      "\n",
      "  [[1. 1. 1. 1. 1. 1. 1.]\n",
      "   [1. 1. 1. 1. 1. 1. 1.]\n",
      "   [1. 1. 1. 1. 1. 1. 1.]]\n",
      "\n",
      "  [[1. 1. 1. 1. 1. 1. 1.]\n",
      "   [1. 1. 1. 1. 1. 1. 1.]\n",
      "   [1. 1. 1. 1. 1. 1. 1.]]\n",
      "\n",
      "  [[1. 1. 1. 1. 1. 1. 1.]\n",
      "   [1. 1. 1. 1. 1. 1. 1.]\n",
      "   [1. 1. 1. 1. 1. 1. 1.]]\n",
      "\n",
      "  [[1. 1. 1. 1. 1. 1. 1.]\n",
      "   [1. 1. 1. 1. 1. 1. 1.]\n",
      "   [1. 1. 1. 1. 1. 1. 1.]]]\n",
      "\n",
      "\n",
      " [[[1. 1. 1. 1. 1. 1. 1.]\n",
      "   [1. 1. 1. 1. 1. 1. 1.]\n",
      "   [1. 1. 1. 1. 1. 1. 1.]]\n",
      "\n",
      "  [[1. 1. 1. 1. 1. 1. 1.]\n",
      "   [1. 1. 1. 1. 1. 1. 1.]\n",
      "   [1. 1. 1. 1. 1. 1. 1.]]\n",
      "\n",
      "  [[1. 1. 1. 1. 1. 1. 1.]\n",
      "   [1. 1. 1. 1. 1. 1. 1.]\n",
      "   [1. 1. 1. 1. 1. 1. 1.]]\n",
      "\n",
      "  [[1. 1. 1. 1. 1. 1. 1.]\n",
      "   [1. 1. 1. 1. 1. 1. 1.]\n",
      "   [1. 1. 1. 1. 1. 1. 1.]]\n",
      "\n",
      "  [[1. 1. 1. 1. 1. 1. 1.]\n",
      "   [1. 1. 1. 1. 1. 1. 1.]\n",
      "   [1. 1. 1. 1. 1. 1. 1.]]\n",
      "\n",
      "  [[1. 1. 1. 1. 1. 1. 1.]\n",
      "   [1. 1. 1. 1. 1. 1. 1.]\n",
      "   [1. 1. 1. 1. 1. 1. 1.]]]\n",
      "\n",
      "\n",
      " [[[1. 1. 1. 1. 1. 1. 1.]\n",
      "   [1. 1. 1. 1. 1. 1. 1.]\n",
      "   [1. 1. 1. 1. 1. 1. 1.]]\n",
      "\n",
      "  [[1. 1. 1. 1. 1. 1. 1.]\n",
      "   [1. 1. 1. 1. 1. 1. 1.]\n",
      "   [1. 1. 1. 1. 1. 1. 1.]]\n",
      "\n",
      "  [[1. 1. 1. 1. 1. 1. 1.]\n",
      "   [1. 1. 1. 1. 1. 1. 1.]\n",
      "   [1. 1. 1. 1. 1. 1. 1.]]\n",
      "\n",
      "  [[1. 1. 1. 1. 1. 1. 1.]\n",
      "   [1. 1. 1. 1. 1. 1. 1.]\n",
      "   [1. 1. 1. 1. 1. 1. 1.]]\n",
      "\n",
      "  [[1. 1. 1. 1. 1. 1. 1.]\n",
      "   [1. 1. 1. 1. 1. 1. 1.]\n",
      "   [1. 1. 1. 1. 1. 1. 1.]]\n",
      "\n",
      "  [[1. 1. 1. 1. 1. 1. 1.]\n",
      "   [1. 1. 1. 1. 1. 1. 1.]\n",
      "   [1. 1. 1. 1. 1. 1. 1.]]]]\n",
      "B\n",
      "[[ 0.9155071  -0.60354197  1.16229517 -0.60140014]\n",
      " [-1.59748566  0.39772612  1.20586542  1.05629911]\n",
      " [ 0.85254391  0.68939141 -0.22473706 -0.52218217]]\n",
      "C\n",
      "[[ 0  1  2  3]\n",
      " [ 4  5  6  7]\n",
      " [ 8  9 10 11]\n",
      " [12 13 14 15]\n",
      " [16 17 18 19]\n",
      " [20 21 22 23]]\n",
      "x\n",
      "[0 1 2 3 4 5 6]\n",
      "y\n",
      "[0.74102328 0.32849423 0.47014548]\n",
      "u\n",
      "-0.5221821676937642\n",
      "g\n",
      "[ 4  8 16]\n",
      "S\n",
      "[[ 6  7]\n",
      " [10 11]\n",
      " [14 15]\n",
      " [18 19]]\n",
      "M\n",
      "[[ 0  2]\n",
      " [12 14]]\n",
      "P\n",
      "[[[[1. 1.]\n",
      "   [1. 1.]\n",
      "   [1. 1.]]\n",
      "\n",
      "  [[1. 1.]\n",
      "   [1. 1.]\n",
      "   [1. 1.]]\n",
      "\n",
      "  [[1. 1.]\n",
      "   [1. 1.]\n",
      "   [1. 1.]]\n",
      "\n",
      "  [[1. 1.]\n",
      "   [1. 1.]\n",
      "   [1. 1.]]\n",
      "\n",
      "  [[1. 1.]\n",
      "   [1. 1.]\n",
      "   [1. 1.]]\n",
      "\n",
      "  [[1. 1.]\n",
      "   [1. 1.]\n",
      "   [1. 1.]]]\n",
      "\n",
      "\n",
      " [[[1. 1.]\n",
      "   [1. 1.]\n",
      "   [1. 1.]]\n",
      "\n",
      "  [[1. 1.]\n",
      "   [1. 1.]\n",
      "   [1. 1.]]\n",
      "\n",
      "  [[1. 1.]\n",
      "   [1. 1.]\n",
      "   [1. 1.]]\n",
      "\n",
      "  [[1. 1.]\n",
      "   [1. 1.]\n",
      "   [1. 1.]]\n",
      "\n",
      "  [[1. 1.]\n",
      "   [1. 1.]\n",
      "   [1. 1.]]\n",
      "\n",
      "  [[1. 1.]\n",
      "   [1. 1.]\n",
      "   [1. 1.]]]\n",
      "\n",
      "\n",
      " [[[1. 1.]\n",
      "   [1. 1.]\n",
      "   [1. 1.]]\n",
      "\n",
      "  [[1. 1.]\n",
      "   [1. 1.]\n",
      "   [1. 1.]]\n",
      "\n",
      "  [[1. 1.]\n",
      "   [1. 1.]\n",
      "   [1. 1.]]\n",
      "\n",
      "  [[1. 1.]\n",
      "   [1. 1.]\n",
      "   [1. 1.]]\n",
      "\n",
      "  [[1. 1.]\n",
      "   [1. 1.]\n",
      "   [1. 1.]]\n",
      "\n",
      "  [[1. 1.]\n",
      "   [1. 1.]\n",
      "   [1. 1.]]]\n",
      "\n",
      "\n",
      " [[[1. 1.]\n",
      "   [1. 1.]\n",
      "   [1. 1.]]\n",
      "\n",
      "  [[1. 1.]\n",
      "   [1. 1.]\n",
      "   [1. 1.]]\n",
      "\n",
      "  [[1. 1.]\n",
      "   [1. 1.]\n",
      "   [1. 1.]]\n",
      "\n",
      "  [[1. 1.]\n",
      "   [1. 1.]\n",
      "   [1. 1.]]\n",
      "\n",
      "  [[1. 1.]\n",
      "   [1. 1.]\n",
      "   [1. 1.]]\n",
      "\n",
      "  [[1. 1.]\n",
      "   [1. 1.]\n",
      "   [1. 1.]]]]\n",
      "D\n",
      "[[2.73028124 2.73028124 2.73028124 2.73028124 2.73028124 2.73028124\n",
      "  2.73028124]\n",
      " [2.73028124 2.73028124 2.73028124 2.73028124 2.73028124 2.73028124\n",
      "  2.73028124]\n",
      " [2.73028124 2.73028124 2.73028124 2.73028124 2.73028124 2.73028124\n",
      "  2.73028124]\n",
      " [2.73028124 2.73028124 2.73028124 2.73028124 2.73028124 2.73028124\n",
      "  2.73028124]\n",
      " [2.73028124 2.73028124 2.73028124 2.73028124 2.73028124 2.73028124\n",
      "  2.73028124]\n",
      " [2.73028124 2.73028124 2.73028124 2.73028124 2.73028124 2.73028124\n",
      "  2.73028124]]\n",
      "E\n",
      "[[163.81687469 163.81687469 163.81687469 163.81687469 163.81687469\n",
      "  163.81687469 163.81687469]\n",
      " [180.19856216 180.19856216 180.19856216 180.19856216 180.19856216\n",
      "  180.19856216 180.19856216]\n",
      " [196.58024963 196.58024963 196.58024963 196.58024963 196.58024963\n",
      "  196.58024963 196.58024963]\n",
      " [212.9619371  212.9619371  212.9619371  212.9619371  212.9619371\n",
      "  212.9619371  212.9619371 ]]\n",
      "F\n",
      "[[ 2.91502834 -0.93624074  0.41726297]\n",
      " [-0.93624074  5.28002572 -1.91032091]\n",
      " [ 0.41726297 -1.91032091  1.5252726 ]]\n",
      "f\n",
      "[3440.1543685  3784.16980535 4128.18524219 4472.20067904]\n",
      "s\n",
      "1.7524642969041029\n",
      "m\n",
      "188.38940589380348\n",
      "d\n",
      "2.7302812448377307\n",
      "h\n",
      "12.074526761616875\n",
      "L\n",
      "[6.38380492 2.61254013 0.72398162]\n",
      "V\n",
      "[[ 0.28332643 -0.95895568 -0.01140799]\n",
      " [-0.8839766  -0.26574963  0.38465895]\n",
      " [ 0.37190256  0.09889965  0.92298827]]\n",
      "U\n",
      "[[ 0.36474743  0.05225183 -0.03433998]\n",
      " [ 0.05225183  0.35381134  0.42883511]\n",
      " [-0.03433998  0.42883511  1.20210739]]\n",
      "F_hat\n",
      "[[ 2.91502834 -0.93624074  0.41726297]\n",
      " [-0.93624074  5.28002572 -1.91032091]\n",
      " [ 0.41726297 -1.91032091  1.5252726 ]]\n",
      "I\n",
      "[[ 1.00000000e+00  2.96726790e-17 -3.16544058e-17]\n",
      " [ 4.37914672e-18  1.00000000e+00 -1.32698576e-16]\n",
      " [-2.66648079e-17 -1.18188491e-16  1.00000000e+00]]\n"
     ]
    }
   ],
   "source": [
    "data = np.load('data/results.npz')\n",
    "lst = data.files\n",
    "for item in lst:\n",
    "    print(item)\n",
    "    print(data[item])"
   ]
  },
  {
   "cell_type": "code",
   "execution_count": null,
   "metadata": {},
   "outputs": [],
   "source": []
  }
 ],
 "metadata": {
  "kernelspec": {
   "display_name": "Python 3 (Spyder)",
   "language": "python3",
   "name": "python3"
  },
  "language_info": {
   "codemirror_mode": {
    "name": "ipython",
    "version": 3
   },
   "file_extension": ".py",
   "mimetype": "text/x-python",
   "name": "python",
   "nbconvert_exporter": "python",
   "pygments_lexer": "ipython3",
   "version": "3.8.12"
  }
 },
 "nbformat": 4,
 "nbformat_minor": 4
}
